Fe II 3056.804 4.89492640889e+15 0.0492336840285 10.0 90.0 0.5
Ti II 3057.403 5.06697568026e+15 0.00164176595635 10.0 90.0 0.5
Fe II 3062.237 6.1399798015e+15 0.0258170858876 10.0 90.0 0.5
Fe II 3076.435 1.02768348611e+16 0.00569665889968 10.0 90.0 0.5
Fe II 3077.171 1.04820694751e+16 0.000565344792307 10.0 90.0 0.5
Ni II 3087.069 1.29331570778e+16 0.00225494044198 10.0 90.0 0.5
Ti II 3088.037 1.34394611505e+16 0.00592240167374 10.0 90.0 0.5
Al I 3092.71 1.43964748656e+16 0.0281419498292 10.0 90.0 0.5
Cr II 3093.469 1.51297837772e+16 0.00559959647949 10.0 90.0 0.5
Fe II 3096.295 1.55309220059e+16 0.00644450840251 10.0 90.0 0.5
Fe II 3056.804 4.89492640889e+15 0.0492336840285 10.0 90.0 0.5
Ti II 3057.403 5.06697568026e+15 0.00164176595635 10.0 90.0 0.5
Fe II 3062.237 6.1399798015e+15 0.0258170858876 10.0 90.0 0.5
Fe II 3076.435 1.02768348611e+16 0.00569665889968 10.0 90.0 0.5
Fe II 3077.171 1.04820694751e+16 0.000565344792307 10.0 90.0 0.5
Ni II 3087.069 1.29331570778e+16 0.00225494044198 10.0 90.0 0.5
Ti II 3088.037 1.34394611505e+16 0.00592240167374 10.0 90.0 0.5
Al I 3092.71 1.43964748656e+16 0.0281419498292 10.0 90.0 0.5
Cr II 3093.469 1.51297837772e+16 0.00559959647949 10.0 90.0 0.5
Fe II 3096.295 1.55309220059e+16 0.00644450840251 10.0 90.0 0.5
Fe II 3062.237 6.1399798015e+15 0.0258170858876 10.0 90.0 0.5
Fe II 3096.295 1.55309220059e+16 0.00644450840251 10.0 90.0 0.5
Fe II 3105.167 1.84811326002e+16 0.0302818255903 10.0 90.0 0.5
Ti II 3110.695 1.94134731746e+16 0.0242658634351 10.0 90.0 0.5
Cr II 3124.973 2.2072518891e+16 0.0489055430055 10.0 90.0 0.5
Fe II 3162.798 2.4248962642e+16 0.0184545890686 10.0 90.0 0.5
Fe II 3179.423 2.79236732746e+16 0.0021331502976 10.0 90.0 0.5
Ti II 3202.537 2.96093034407e+16 0.0145226090354 10.0 90.0 0.5
Cr II 3217.393 3.54248015701e+16 0.0200720182084 10.0 90.0 0.5
Fe II 3227.742 3.9268401048e+16 0.0356690318438 10.0 90.0 0.5
Fe II 3062.237 6.1399798015e+15 0.0258170858876 10.0 90.0 0.5
Fe II 3062.237 6.1399798015e+15 0.0258170858876 10.0 90.0 0.5
Fe II 3096.295 1.55309220059e+16 0.00644450840251 10.0 90.0 0.5
Fe II 3105.167 1.84811326002e+16 0.0302818255903 10.0 90.0 0.5
Ti II 3110.695 1.94134731746e+16 0.0242658634351 10.0 90.0 0.5
Cr II 3124.973 2.2072518891e+16 0.0489055430055 10.0 90.0 0.5
Fe II 3162.798 2.4248962642e+16 0.0184545890686 10.0 90.0 0.5
Fe II 3179.423 2.79236732746e+16 0.0021331502976 10.0 90.0 0.5
Ti II 3202.537 2.96093034407e+16 0.0145226090354 10.0 90.0 0.5
Cr II 3217.393 3.54248015701e+16 0.0200720182084 10.0 90.0 0.5
Fe II 3227.742 3.9268401048e+16 0.0356690318438 10.0 90.0 0.5
Fe II 3062.237 6.1399798015e+15 0.0297902672815 10.0 90.0 0.5
Fe II 3096.295 1.55309220059e+16 0.0074606569535 10.0 90.0 0.5
Fe II 3105.167 1.84811326002e+16 0.0290902650288 10.0 90.0 0.5
Ti II 3110.695 1.94134731746e+16 0.0257418163576 10.0 90.0 0.5
Cr II 3124.973 2.2072518891e+16 0.0556492481347 10.0 90.0 0.5
Fe II 3162.798 2.4248962642e+16 0.021274808572 10.0 90.0 0.5
Fe II 3179.423 2.79236732746e+16 0.000181854033079 10.0 90.0 0.5
Ti II 3202.537 2.96093034407e+16 0.0157712133184 10.0 90.0 0.5
Cr II 3217.393 3.54248015701e+16 0.0196353726329 10.0 90.0 0.5
Fe II 3227.742 3.9268401048e+16 0.0441395385548 10.0 90.0 0.5
Fe II 3062.237 6.1399798015e+15 0.0311709402503 10.0 90.0 0.5
Fe II 3096.295 1.55309220059e+16 0.00779624286345 10.0 90.0 0.5
Fe II 3105.167 1.84811326002e+16 0.0280634478064 10.0 90.0 0.5
Ti II 3110.695 1.94134731746e+16 0.0264808113595 10.0 90.0 0.5
Cr II 3124.973 2.2072518891e+16 0.0596520967588 10.0 90.0 0.5
Fe II 3162.798 2.4248962642e+16 0.0223987573566 10.0 90.0 0.5
Fe II 3179.423 2.79236732746e+16 0.000424744122453 10.0 90.0 0.5
Ti II 3202.537 2.96093034407e+16 0.0164511861076 10.0 90.0 0.5
Cr II 3217.393 3.54248015701e+16 0.0190395592199 10.0 90.0 0.5
Fe II 3227.742 3.9268401048e+16 0.0487454587608 10.0 90.0 0.5
Fe II 3062.237 6.1399798015e+15 0.0311709402503 10.0 90.0 0.5
Fe II 3096.295 1.55309220059e+16 0.00779624286345 10.0 90.0 0.5
Fe II 3105.167 1.84811326002e+16 0.0280634478064 10.0 90.0 0.5
Ti II 3110.695 1.94134731746e+16 0.0264808113595 10.0 90.0 0.5
Cr II 3124.973 2.2072518891e+16 0.0596520967588 10.0 90.0 0.5
Fe II 3162.798 2.4248962642e+16 0.0223987573566 10.0 90.0 0.5
Fe II 3179.423 2.79236732746e+16 0.000424744122453 10.0 90.0 0.5
Ti II 3202.537 2.96093034407e+16 0.0164511861076 10.0 90.0 0.5
Cr II 3217.393 3.54248015701e+16 0.0190395592199 10.0 90.0 0.5
Fe II 3227.742 3.9268401048e+16 0.0487454587608 10.0 90.0 0.5
Fe II 3062.237 6.1399798015e+15 0.0311709402503 10.0 90.0 0.5
Fe II 3096.295 1.55309220059e+16 0.00779624286345 10.0 90.0 0.5
Fe II 3105.167 1.84811326002e+16 0.0280634478064 10.0 90.0 0.5
Ti II 3110.695 1.94134731746e+16 0.0264808113595 10.0 90.0 0.5
Cr II 3124.973 2.2072518891e+16 0.0596520967588 10.0 90.0 0.5
Fe II 3162.798 2.4248962642e+16 0.0223987573566 10.0 90.0 0.5
Fe II 3179.423 2.79236732746e+16 0.000424744122453 10.0 90.0 0.5
Ti II 3202.537 2.96093034407e+16 0.0164511861076 10.0 90.0 0.5
Cr II 3217.393 3.54248015701e+16 0.0190395592199 10.0 90.0 0.5
Fe II 3227.742 3.9268401048e+16 0.0487454587608 10.0 90.0 0.5
Fe II 3062.237 6.1399798015e+15 0.0311709402503 10.0 90.0 0.5
Fe II 3096.295 1.55309220059e+16 0.00779624286345 10.0 90.0 0.5
Fe II 3105.167 1.84811326002e+16 0.0280634478064 10.0 90.0 0.5
Ti II 3110.695 1.94134731746e+16 0.0264808113595 10.0 90.0 0.5
Cr II 3124.973 2.2072518891e+16 0.0596520967588 10.0 90.0 0.5
Fe II 3162.798 2.4248962642e+16 0.0223987573566 10.0 90.0 0.5
Fe II 3179.423 2.79236732746e+16 0.000424744122453 10.0 90.0 0.5
Ti II 3202.537 2.96093034407e+16 0.0164511861076 10.0 90.0 0.5
Cr II 3217.393 3.54248015701e+16 0.0190395592199 10.0 90.0 0.5
Fe II 3227.742 3.9268401048e+16 0.0487454587608 10.0 90.0 0.5
Fe II 3062.237 6.1399798015e+15 0.0311709402503 10.0 90.0 0.5
Fe II 3096.295 1.55309220059e+16 0.00779624286345 10.0 90.0 0.5
Fe II 3105.167 1.84811326002e+16 0.0280634478064 10.0 90.0 0.5
Ti II 3110.695 1.94134731746e+16 0.0264808113595 10.0 90.0 0.5
Cr II 3124.973 2.2072518891e+16 0.0596520967588 10.0 90.0 0.5
Fe II 3162.798 2.4248962642e+16 0.0223987573566 10.0 90.0 0.5
Fe II 3179.423 2.79236732746e+16 0.000424744122453 10.0 90.0 0.5
Ti II 3202.537 2.96093034407e+16 0.0164511861076 10.0 90.0 0.5
Cr II 3217.393 3.54248015701e+16 0.0190395592199 10.0 90.0 0.5
Fe II 3227.742 3.9268401048e+16 0.0487454587608 10.0 90.0 0.5
Fe II 3062.237 6.1399798015e+15 0.0311709402503 10.0 90.0 0.5
Fe II 3096.295 1.55309220059e+16 0.00779624286345 10.0 90.0 0.5
Fe II 3105.167 1.84811326002e+16 0.0280634478064 10.0 90.0 0.5
Ti II 3110.695 1.94134731746e+16 0.0264808113595 10.0 90.0 0.5
Cr II 3124.973 2.2072518891e+16 0.0596520967588 10.0 90.0 0.5
Fe II 3162.798 2.4248962642e+16 0.0223987573566 10.0 90.0 0.5
Fe II 3179.423 2.79236732746e+16 0.000424744122453 10.0 90.0 0.5
Ti II 3202.537 2.96093034407e+16 0.0164511861076 10.0 90.0 0.5
Cr II 3217.393 3.54248015701e+16 0.0190395592199 10.0 90.0 0.5
Fe II 3227.742 3.9268401048e+16 0.0487454587608 10.0 90.0 0.5
Fe II 3062.237 6.1399798015e+15 0.0311709402503 10.0 90.0 0.5
Fe II 3096.295 1.55309220059e+16 0.00779624286345 10.0 90.0 0.5
Fe II 3105.167 1.84811326002e+16 0.0280634478064 10.0 90.0 0.5
Ti II 3110.695 1.94134731746e+16 0.0264808113595 10.0 90.0 0.5
Cr II 3124.973 2.2072518891e+16 0.0596520967588 10.0 90.0 0.5
Fe II 3162.798 2.4248962642e+16 0.0223987573566 10.0 90.0 0.5
Fe II 3179.423 2.79236732746e+16 0.000424744122453 10.0 90.0 0.5
Ti II 3202.537 2.96093034407e+16 0.0164511861076 10.0 90.0 0.5
Cr II 3217.393 3.54248015701e+16 0.0190395592199 10.0 90.0 0.5
Fe II 3227.742 3.9268401048e+16 0.0487454587608 10.0 90.0 0.5
Fe II 3237.82 4.30792667402e+16 0.00824329079083 10.0 90.0 0.5
Fe II 3243.723 4.30012937978e+16 0.00515103780535 10.0 90.0 0.5
Fe II 3237.82 4.30792667402e+16 0.0245909846589 10.0 90.0 0.5
Fe II 3243.723 4.30012937978e+16 0.00455706707082 10.0 90.0 0.5
Fe II 3237.82 4.30792667402e+16 0.0077644514929 10.0 90.0 0.5
Fe II 3243.723 4.30012937978e+16 0.0118796095516 10.0 90.0 0.5
Fe II 3237.82 4.30792667402e+16 0.00182686564804 10.0 90.0 0.5
Fe II 3243.723 4.30012937978e+16 0.0133521588491 10.0 90.0 0.5
Fe II 3062.237 6.1399798015e+15 0.00303636453715 10.0 90.0 0.5
Fe II 3096.295 1.55309220059e+16 0.00527612249959 10.0 90.0 0.5
Fe II 3105.167 1.84811326002e+16 0.00716960871209 10.0 90.0 0.5
Ti II 3110.695 1.94134731746e+16 0.0217024498422 10.0 90.0 0.5
Cr II 3124.973 2.2072518891e+16 0.0396839589253 10.0 90.0 0.5
Fe II 3162.798 2.4248962642e+16 0.00304596398238 10.0 90.0 0.5
Fe II 3179.423 2.79236732746e+16 0.0725166854224 10.0 90.0 0.5
Ti II 3202.537 2.96093034407e+16 0.0157441030525 10.0 90.0 0.5
Fe II 3062.237 6.1399798015e+15 0.0201472107823 10.0 90.0 0.5
Fe II 3096.295 1.55309220059e+16 0.00478095473927 10.0 90.0 0.5
Fe II 3105.167 1.84811326002e+16 0.0306325384809 10.0 90.0 0.5
Ti II 3110.695 1.94134731746e+16 0.0225199915627 10.0 90.0 0.5
Cr II 3124.973 2.2072518891e+16 0.0421998886996 10.0 90.0 0.5
Fe II 3162.798 2.4248962642e+16 0.0140694536644 10.0 90.0 0.5
Fe II 3179.423 2.79236732746e+16 0.00809674300285 10.0 90.0 0.5
Ti II 3202.537 2.96093034407e+16 0.0131358654273 10.0 90.0 0.5
Fe II 3062.237 6.1399798015e+15 0.0738627371526 -100.0 150.0 0.5
Fe II 3096.295 1.55309220059e+16 0.0238585468763 -100.0 150.0 0.5
Fe II 3105.167 1.84811326002e+16 0.0522676217628 -100.0 150.0 0.5
Ti II 3110.695 1.94134731746e+16 0.0301826986142 -100.0 150.0 0.5
Cr II 3124.973 2.2072518891e+16 0.0584073219019 -100.0 150.0 0.5
Fe II 3162.798 2.4248962642e+16 0.0590730629254 -100.0 150.0 0.5
Fe II 3179.423 2.79236732746e+16 0.012043566117 -100.0 150.0 0.5
Ti II 3202.537 2.96093034407e+16 0.00253564920431 -100.0 150.0 0.5
Fe II 3062.237 6.1399798015e+15 0.0738627371526 -100.0 150.0 0.5
Fe II 3096.295 1.55309220059e+16 0.0238585468763 -100.0 150.0 0.5
Fe II 3105.167 1.84811326002e+16 0.0522676217628 -100.0 150.0 0.5
Ti II 3110.695 1.94134731746e+16 0.0301826986142 -100.0 150.0 0.5
Cr II 3124.973 2.2072518891e+16 0.0584073219019 -100.0 150.0 0.5
Fe II 3162.798 2.4248962642e+16 0.0590730629254 -100.0 150.0 0.5
Fe II 3179.423 2.79236732746e+16 0.012043566117 -100.0 150.0 0.5
Ti II 3202.537 2.96093034407e+16 0.00253564920431 -100.0 150.0 0.5
Fe II 3062.237 6.1399798015e+15 0.0738627371526 -100.0 150.0 0.5
Fe II 3096.295 1.55309220059e+16 0.0238585468763 -100.0 150.0 0.5
Fe II 3105.167 1.84811326002e+16 0.0522676217628 -100.0 150.0 0.5
Ti II 3110.695 1.94134731746e+16 0.0301826986142 -100.0 150.0 0.5
Cr II 3124.973 2.2072518891e+16 0.0584073219019 -100.0 150.0 0.5
Fe II 3162.798 2.4248962642e+16 0.0590730629254 -100.0 150.0 0.5
Fe II 3179.423 2.79236732746e+16 0.012043566117 -100.0 150.0 0.5
Ti II 3202.537 2.96093034407e+16 0.00253564920431 -100.0 150.0 0.5
Fe II 3237.82 4.30792667402e+16 0.0537453397724 -100.0 150.0 0.5
Fe II 3243.723 4.30012937978e+16 0.028349043847 -100.0 150.0 0.5
Fe II 3247.175 4.40389911549e+16 0.100129876062 -100.0 150.0 0.5
Ti I 3271.107 4.28249597533e+16 0.0107869865663 -100.0 150.0 0.5
Fe II 3289.354 4.19705035264e+16 0.024038221292 -100.0 150.0 0.5
Fe II 3295.817 4.12718587697e+16 0.0585156144288 -100.0 150.0 0.5
Fe II 3303.464 4.09500470489e+16 0.0389547534065 -100.0 150.0 0.5
Cr II 3336.321 4.53622270508e+16 0.0173221836735 -100.0 150.0 0.5
Cr II 3353.124 4.77472320663e+16 0.00535643520685 -100.0 150.0 0.5
Cr II 3368.041 5.24228880959e+16 0.0672987400967 -100.0 150.0 0.5
Fe II 3237.82 4.30792667402e+16 0.0427358008896 -100.0 150.0 0.5
Fe II 3243.723 4.30012937978e+16 0.0313621335774 -100.0 150.0 0.5
Fe II 3247.175 4.40389911549e+16 0.0874022168634 -100.0 150.0 0.5
Ti I 3271.107 4.28249597533e+16 0.0131597244521 -100.0 150.0 0.5
Fe II 3289.354 4.19705035264e+16 0.0287135814307 -100.0 150.0 0.5
Fe II 3295.817 4.12718587697e+16 0.0525748879091 -100.0 150.0 0.5
Fe II 3303.464 4.09500470489e+16 0.0361000397476 -100.0 150.0 0.5
Cr II 3336.321 4.53622270508e+16 0.0207146913797 -100.0 150.0 0.5
Cr II 3353.124 4.77472320663e+16 0.00520516487055 -100.0 150.0 0.5
Cr II 3368.041 5.24228880959e+16 0.0557204133821 -100.0 150.0 0.5
Fe II 3237.82 4.30792667402e+16 0.0427358008896 -100.0 150.0 0.5
Fe II 3243.723 4.30012937978e+16 0.0313621335774 -100.0 150.0 0.5
Fe II 3247.175 4.40389911549e+16 0.0874022168634 -100.0 150.0 0.5
Ti I 3271.107 4.28249597533e+16 0.0131597244521 -100.0 150.0 0.5
Fe II 3289.354 4.19705035264e+16 0.0287135814307 -100.0 150.0 0.5
Fe II 3295.817 4.12718587697e+16 0.0525748879091 -100.0 150.0 0.5
Fe II 3303.464 4.09500470489e+16 0.0361000397476 -100.0 150.0 0.5
Cr II 3336.321 4.53622270508e+16 0.0207146913797 -100.0 150.0 0.5
Cr II 3353.124 4.77472320663e+16 0.00520516487055 -100.0 150.0 0.5
Cr II 3368.041 5.24228880959e+16 0.0557204133821 -100.0 150.0 0.5
Fe II 3237.82 4.30792667402e+16 0.0427358008896 -100.0 150.0 0.5
Fe II 3243.723 4.30012937978e+16 0.0313621335774 -100.0 150.0 0.5
Fe II 3237.82 1.73263538306e+16 0.00414169693101 -36.8646797447 237.086367394 0.201098523045
Fe II 3243.723 7.22814527909e+15 0.00143643726841 -358.709187358 1553.04653144 0.203351382234
Fe II 3247.175 2.600195585e+16 0.00921472098997 -20.5062723516 243.01427594 0.295215162383
Ti I 3271.107 4.04740255374e+15 0.00616785271482 11.6429348151 141.079412306 0.0472551822238
Fe II 3289.354 1.42836969127e+16 0.00765803713439 -350.341957556 221.516502374 0.170163516191
Fe II 3295.817 1.93173838791e+16 0.0030354231881 -36.2552470916 227.319470199 0.234026094959
Fe II 3303.464 1.88115575413e+16 0.00241791945054 -82.4121945872 231.869400269 0.22968908337
Cr II 3336.321 1.1289687246e+16 0.00295065490617 -57.7813648256 230.418996412 0.124439296525
Cr II 3353.124 1.02339494503e+16 0.0138420745371 -108.038772602 38.8629007192 0.107167986577
Cr II 3368.041 2.69193085781e+16 0.00807281197504 -55.5395235155 279.898813653 0.256751483521
Fe II 3062.237 5.40060504464e+15 0.00783894921744 -97.9893363201 201.428501406 0.439790131176
Fe II 3096.295 3.42418763118e+15 0.0180506327437 53.2655794446 254.218708366 0.142131668733
Fe II 3105.167 9.74732941776e+15 0.00304904253546 -7.10869104713 266.244248456 0.263710283038
Ti II 3110.695 9.26170904952e+15 0.0184762136981 -342.678779468 852.480409072 0.316034917182
Cr II 3124.973 4.23136679891e+15 0.0191090026733 -24.0268581932 207.869358739 0.0958514707769
Fe II 3162.798 1.55105795253e+16 0.00188689056397 -96.2072491491 242.654510715 0.319819444532
Fe II 3179.423 2.24672546127e+16 0.0459750364062 -210.644569127 505.525969191 0.402297620227
Ti II 3202.537 2.10295021375e+15 0.0131385976457 7.74076886637 103.388861181 0.0355116461616
Cr II 3217.393 1.08783691026e+16 0.0451979978783 -233.265893837 154.719639014 0.153541708357
Fe II 3227.742 3.04462566481e+16 0.00177827868053 -106.715782822 242.726604387 0.387668657694
Fe II 3237.82 1.73263538306e+16 0.00414169693101 -36.8646797447 237.086367394 0.201098523045
Fe II 3243.723 7.22814527909e+15 0.00143643726841 -358.709187358 1553.04653144 0.203351382234
Fe II 3247.175 2.600195585e+16 0.00921472098997 -20.5062723516 243.01427594 0.295215162383
Ti I 3271.107 4.04740255374e+15 0.00616785271482 11.6429348151 141.079412306 0.0472551822238
Fe II 3289.354 1.42836969127e+16 0.00765803713439 -350.341957556 221.516502374 0.170163516191
Fe II 3295.817 1.93173838791e+16 0.0030354231881 -36.2552470916 227.319470199 0.234026094959
Fe II 3303.464 1.88115575413e+16 0.00241791945054 -82.4121945872 231.869400269 0.22968908337
Cr II 3336.321 1.1289687246e+16 0.00295065490617 -57.7813648256 230.418996412 0.124439296525
Cr II 3353.124 1.02339494503e+16 0.0138420745371 -108.038772602 38.8629007192 0.107167986577
Cr II 3368.041 2.69193085781e+16 0.00807281197504 -55.5395235155 279.898813653 0.256751483521
Ti II 3387.846 1.17052159851e+16 0.0102509523472 216.887475159 520.634973636 0.101605752122
Cr II 3403.307 1.59465177882e+16 0.0248586397592 -37.3161480927 178.563594652 0.137118152806
Cr II 3433.295 1.6591443285e+16 0.0300935614849 -10.4942888945 128.217626792 0.146461203671
Fe I 3475.45 5.55672939107e+15 0.00286292529849 -2.94090395877 265.920959912 0.0469783938405
Ti II 3535.41 3.19549828579e+15 0.00821392207439 -564.629777814 108.403706 0.0223557376616
Fe I 3570.097 1.74911795222e+15 0.0147563102719 -23.2438307211 80.0782131627 0.0137067605689
Ni II 3576.764 3.42345416218e+16 0.000134130246355 -118.896574363 231.074146217 0.220078403616
Fe I 3581.195 1.88142039178e+16 0.0012314039978 -177.298168843 69.7570488554 0.118044460904
Fe II 3589.483 7.24834341577e+15 0.00166587509415 -59.6136079388 24.6718143853 0.0476214034669
Fe II 3624.893 8.99813323295e+15 0.000579887110985 -91.4508680178 20.5074063972 0.0737487480794
Fe I 3647.842 9.05966444711e+15 0.0103525727763 -5.70335439524 172.002115134 0.0592452441348
Fe I 3709.246 4.8380987141e+15 0.0040507995224 -321.282953568 125.018834665 0.0252831980925
Cr II 3712.93 2.10548186471e+15 0.00911056728231 -16.2029603372 163.703480331 0.0110352018981
Fe I 3734.864 2.36872922592e+16 0.0106622480656 -192.01856289 474.521999021 0.120339276948
Ti II 3741.635 1.51973060015e+16 0.000263956610386 -197.015269075 187.475515126 0.077520128493
Fe II 3783.347 8.76756041344e+15 0.000245025623717 -13.0428887964 220.509908883 0.047477302691
Fe I 3787.88 7.34749863973e+14 0.00718414385022 -12.2703168488 117.172359378 0.00776034474622
Fe I 3795.002 3.24624406342e+15 0.00108465523086 11.0051041491 188.435542052 0.0174780939818
Fe I 3815.84 1.45018800387e+16 0.00221655380411 -168.846905009 198.43208378 0.0721448339932
Fe I 3820.425 1.33665744307e+16 0.00898045390258 -27.9515464432 192.195188774 0.0654372204613
Fe I 3825.88 1.20278461475e+16 0.000505396862703 -33.3108101874 447.489447363 0.0588254377203
Mg I 3838.292 2.06934162401e+16 0.000181611352106 45.0010228236 264.909795899 0.10058311232
Ni II 3849.554 1.48149992418e+16 0.00319946987489 -20.6129256943 236.873145687 0.0723959579936
Fe I 3859.911 1.16215147892e+16 0.00112105170777 19.4924828695 235.573623749 0.0582772876644
Fe I 3872.501 6.5512118587e+15 0.000382498989978 -21.6275322886 232.637398367 0.0315700475798
Fe I 3878.018 1.29025678125e+16 0.00740585759009 69.487042596 144.490240318 0.115337784566
Fe I 3886.282 3.2631513566e+16 0.00575869530522 -115.402503795 393.896543045 0.137933481939
Ti II 3900.551 7.06176615062e+15 0.00121361494119 -42.1348238166 399.819978231 0.030357792776
Ti II 3913.468 1.37968369596e+16 0.00188173137692 -11.7108940643 310.157104853 0.0589420668971
Ca II 3933.663 9.15521665358e+16 8.22221564493e-05 -159.00496005 223.470851833 0.361874441632
Fe II 3938.97 6.27631811375e+16 0.00667855073404 -175.483614038 3503.48192159 0.255649597023
Al I 3944.006 4.1773611478e+15 0.00376127876513 -223.579106706 -43.2164450148 0.0206616388063
Ca II 3968.469 1.06584102352e+17 0.00325123807786 -117.198993332 244.897387299 0.397978846884
Fe I 4045.813 2.19335317867e+16 0.00313767822116 -20.2297694509 231.149289801 0.0852120605019
Fe I 4071.737 1.1424843409e+16 0.00169558917227 47.1119315064 90.7793640281 0.0473405038366
Fe I 4143.869 1.20820868119e+16 0.000789464414306 -59.7534754479 231.025723071 0.0412537524665
Fe II 4173.461 3.0800815422e+16 0.00375257063875 -46.4936841464 227.656684551 0.107588371477
Fe II 4178.862 2.66907592101e+16 0.000572436752863 -24.5519407681 202.295120251 0.0920449647854
Fe I 4202.028 7.3540237251e+15 0.000978065385969 10.5434527171 214.532078701 0.0261806215998
Ca I 4226.728 9.03099543359e+15 0.000967471764656 -3.38067706489 159.643627952 0.032319299239
Fe II 4233.172 7.44167269004e+16 0.00135924360877 -67.8971637062 225.843085519 0.263918829216
Fe II 4258.154 3.04867626095e+15 0.00193068753927 -77.1054952307 588.144515118 0.0107700006195
Ti II 4290.219 4.00515309445e+15 0.0 82.6906111788 95.3242715064 0.0190388972084
Fe I 4307.902 1.57218861112e+16 0.00151232138713 -77.542141793 12663.5989914 0.0548275753309
Fe I 4325.762 2.43124867597e+16 0.000753884354251 -50.5458983895 235.113470571 0.0798092620675
Ti II 4337.915 8.90325755158e+15 0.000788289433888 -25.3314679967 281.037761542 0.0281933787754
Fe II 4351.769 6.7445074145e+16 0.00416334115642 -68.8512949643 223.067199859 0.203329820851
Fe II 4357.584 4.013340543e+16 0.0167984134302 -215.58219096 3329.19926933 0.148461028206
Ti II 4395.033 2.3192489964e+16 0.000300186850546 -67.875928414 231.206641725 0.064070318709
Fe I 4404.75 2.07425750019e+16 0.000845421825263 -9.22018079194 227.91326528 0.058736900489
Ti II 4443.794 1.49161474225e+16 0.000465176075481 -48.0904560176 239.802817757 0.0426116414861
Ti II 4501.273 1.17777527784e+16 0.000194024860701 -23.1026109951 226.839747967 0.0345055670014
Fe II 4508.288 5.04425602417e+16 0.0014033004174 -42.4858096862 224.964440077 0.14741188834
Fe II 4515.339 3.70449989253e+15 0.0 14.8819494323 -85.948904637 0.0212751091151
Ti II 4533.969 1.74737047867e+16 0.00096233051663 7.12954167949 239.699389035 0.0513663917422
Fe II 4541.524 6.6733707985e+15 0.00342030847694 47.5293484661 179.036876367 0.0230769453764
Fe II 4549.474 7.22700690972e+16 0.000189054531245 -61.2016071376 225.927722546 0.236395512839
Ti II 4563.761 2.02173131054e+16 0.0232292039661 -353.224199402 11626.7908649 0.114013613495
Ti II 4571.968 6.41987147584e+15 0.000477775057535 42.0031194475 184.747208967 0.0194262657652
Fe II 4576.34 1.04514169145e+16 0.00275747598622 17.9191017096 206.819437659 0.0309753995363
Fe II 4583.837 9.21255371241e+16 0.00428220613648 -69.0553466713 220.525697041 0.259900197635
Fe II 4596.015 4.2536209764e+15 0.000289747737996 99.2036173225 206.011422245 0.0116661288385
Fe II 4620.521 1.3811223081e+16 0.00303253924205 -217.393879371 241.375301341 0.0363563622759
Fe II 4629.339 5.47717461778e+16 0.00198784581105 -61.0586640729 223.306655149 0.14098440171
Fe II 4635.316 3.24727941336e+16 0.019160644771 -201.834931736 3107.28859663 0.0813252555454
Fe II 4656.981 9.02436768855e+15 0.00581333099422 -29.1889050017 153.100515492 0.0228443977403
Fe II 4666.758 8.30607934824e+15 0.00256529358455 -25.0207460086 219.408536924 0.0256468035269
Fe II 4731.453 1.30966527163e+16 0.00203365256498 -27.0116888111 227.831872745 0.0408967370758
Cr II 4824.127 1.5089479409e+16 0.00159492109994 -73.653901105 353.37644176 0.046785653583
Cr II 4848.235 9.58187061668e+15 0.0045202252908 -54.3080495837 210.138991707 0.0263712147871
Fe II 3056.804 3.14749997593e+15 0.0205860804671 -17.4850953482 452.100968168 0.432846448636
Ti II 3057.403 6.75322488834e+15 0.130545699262 57.696231024 198.013741501 0.901917713164
Fe II 3062.237 5.40060504464e+15 0.00783894921744 -97.9893363201 201.428501406 0.439790131176
Fe II 3076.435 4.78562611632e+15 0.026901218737 -28.384749892 397.930169722 0.232835604589
Fe II 3077.171 7.25334638249e+15 0.00760079734381 -30.1442933341 207.619494938 0.463913963342
Ni II 3087.069 5.45038659101e+15 0.0197271580202 -63.9477166123 427.195738567 0.210713693425
Ti II 3088.037 5.72423018862e+15 0.00811151502102 -152.326814257 366.015450128 0.212963530477
Al I 3092.71 1.05861566421e+16 0.0 -20.2785626641 -709.043964663 0.485041120652
Cr II 3093.469 2.72231111006e+15 0.0191092614803 -88.2394848811 155.225393603 0.119795424361
Fe II 3096.295 3.42418763118e+15 0.0180506327437 53.2655794446 254.218708366 0.142131668733
Fe II 3105.167 9.74732941776e+15 0.00304904253546 -7.10869104713 266.244248456 0.263710283038
Ti II 3110.695 9.26170904952e+15 0.0184762136981 -342.678779468 852.480409072 0.316034917182
Fe II 3114.297 1.03399418181e+16 0.0372667502417 -56.9399319593 734.014467716 0.255615371551
Fe II 3114.686 1.33322605232e+16 0.0376006023127 -102.435300984 965.964823856 0.315013915462
Cr II 3124.973 4.23136679891e+15 0.0191090026733 -24.0268581932 207.869358739 0.0958514707769
Cr II 3128.692 9.81185329953e+15 0.0233146571088 -134.294397391 113.290961753 0.213240415558
Cr II 3132.053 1.87743018674e+16 0.053753850812 -93.8352893468 699.519188596 0.399674002338
Fe II 3135.36 2.43630941258e+16 0.0409388901316 -1677.6034123 379.543343136 0.508290116426
Fe II 3144.752 6.248987374e+15 0.0458446691374 -102.083255259 1936.97845981 0.177167939794
Cr II 3147.22 6.06253934551e+15 0.0341350140125 -320.058786587 89.3186812317 0.130538844073
Fe II 3154.202 2.18308422585e+16 0.00423517228705 -200.363550603 279.062039246 0.463826766971
Ti II 3154.205 2.18620662818e+16 0.0155191692001 -201.202471936 278.685846953 0.464490165
Fe II 3162.798 1.55105795253e+16 0.00188689056397 -96.2072491491 242.654510715 0.319819444532
Fe II 3167.857 1.4159265059e+16 0.00656660567571 -12.8594141084 205.873905688 0.279931737412
Fe II 3170.337 2.07425743551e+16 0.00628103744309 -409.329678573 334.133070321 0.556330454425
Ca II 3179.331 2.30277735809e+16 0.0648634385651 -236.029541379 687.978292563 0.554926152219
Fe II 3179.423 2.24672546127e+16 0.0459750364062 -210.644569127 505.525969191 0.402297620227
Fe II 3179.503 2.26049298562e+16 0.0508290284911 -218.222661674 563.598891118 0.404263243691
Fe II 3192.909 2.45108479089e+16 0.0455298756341 -62.7159117589 525.384045873 0.386415608571
Fe II 3193.799 2.37740118342e+16 0.0900691450939 -262.620993107 1627.14523091 0.509884499165
Fe II 3196.07 2.49098974136e+16 0.0429598976039 -549.277975509 331.246855045 0.543454971019
Cr II 3197.075 2.49884512218e+16 0.0764269098406 -622.068664714 235.466559715 0.553657940115
Ti II 3202.537 2.10295021375e+15 0.0131385976457 7.74076886637 103.388861181 0.0355116461616
Fe II 3210.444 2.25654267954e+16 0.0861733979175 -162.515851758 20463.2711218 0.417290765824
Fe II 3213.309 3.84523170848e+16 0.000542104516922 -970.861978463 234.441734548 0.527948204213
Cr II 3217.393 1.08783691026e+16 0.0451979978783 -233.265893837 154.719639014 0.153541708357
Fe II 3227.742 3.04462566481e+16 0.00177827868053 -106.715782822 242.726604387 0.387668657694
Fe II 3232.785 1.38858172595e+15 0.0215860196109 -4.17704446546 88.5185194364 0.0208296182258
Ti II 3234.52 5.27937578194e+15 0.00482760572223 -150.669351145 36.5134509977 0.0614657065681
Fe II 3237.82 1.73263538306e+16 0.00414169693101 -36.8646797447 237.086367394 0.201098523045
Fe II 3243.723 7.22814527909e+15 0.00143643726841 -358.709187358 1553.04653144 0.203351382234
Fe II 3247.175 2.600195585e+16 0.00921472098997 -20.5062723516 243.01427594 0.295215162383
Fe II 3255.887 1.24933978966e+16 0.0342608067096 -0.0194232120016 135.014091764 0.140765908964
Fe II 3258.771 2.56087573187e+16 0.0128370371778 -502.348109425 239.056677366 0.28587331028
Fe II 3259.051 2.85426942193e+16 0.031294947962 -1128.43363984 171.675597648 0.317351844165
Ti I 3271.107 4.04740255374e+15 0.00616785271482 11.6429348151 141.079412306 0.0472551822238
Fe II 3277.348 2.91514699363e+16 0.00599121228157 -72.37262157 242.173250469 0.341046538962
Fe II 3281.292 7.81230494241e+15 0.0231055723463 21.6470912662 155.799127753 0.0893815580244
Fe II 3289.354 1.42836969127e+16 0.00765803713439 -350.341957556 221.516502374 0.170163516191
Fe II 3295.817 1.93173838791e+16 0.0030354231881 -36.2552470916 227.319470199 0.234026094959
Fe II 3303.464 1.88115575413e+16 0.00241791945054 -82.4121945872 231.869400269 0.22968908337
Cr II 3311.93 3.01828798047e+15 0.00618662360883 -124.798631611 15.4411954634 0.047398269679
Cr II 3314.535 5.84229958862e+15 0.000125300545449 -183.181489933 184.778141334 0.0707997114085
Ti II 3322.941 1.76687695419e+16 0.00661787018507 -96.0566764402 331.048982776 0.206987432434
Fe II 3323.063 1.75957291874e+16 0.006608080017 -106.849662358 319.909296215 0.206174911068
Cr II 3324.047 1.77067142324e+16 0.00659908137296 -196.256159088 231.643823401 0.206617751834
Ti II 3329.453 8.12865052345e+15 0.0115900947221 73.289955163 182.17992358 0.119740902976
Cr II 3336.321 1.1289687246e+16 0.00295065490617 -57.7813648256 230.418996412 0.124439296525
Cr II 3339.786 1.05878531741e+16 0.0279643537117 -174.740116892 -23.6287713115 0.112045083041
Ti I 3341.875 1.21942481121e+16 0.00583561654314 -204.001944148 275.285021811 0.127894854554
Ti II 3341.88 1.26298477949e+16 0.0200673456225 -182.583605235 341.34596695 0.171281094772
Ti II 3349.037 2.17422037551e+16 0.00451853952166 -128.833459235 297.871357221 0.226977772272
Ti II 3349.408 2.40924789845e+16 0.00894265715731 -198.470335797 291.179070347 0.251716582652
Cr II 3353.124 1.02339494503e+16 0.0138420745371 -108.038772602 38.8629007192 0.107167986577
Cr II 3358.491 2.01477973869e+16 0.0386143779369 -61.0501026664 1626.02627222 0.20096672974
Cr II 3360.291 3.38644843268e+16 9.84889605986e-05 -216.735049014 511.331449111 0.323575247026
Ti II 3361.218 2.33500960804e+16 0.00939667310144 -308.789574261 234.083072845 0.223110236506
Cr II 3368.041 2.69193085781e+16 0.00807281197504 -55.5395235155 279.898813653 0.256751483521
Ti II 3372.8 1.46167488768e+16 0.00375036874333 14.3294160288 290.373787362 0.129825985366
Ni II 3373.969 1.53250021092e+16 0.0026632674026 -102.133923763 198.897746011 0.140751080302
Cr II 3379.822 1.31539526194e+16 0.025447133178 -26.6626473902 1057.90099469 0.115142335137
Ti II 3380.279 1.20669280003e+16 0.00519688819046 -40.5093352298 307.840820433 0.104196078637
Ti II 3383.768 1.48455773722e+16 0.0108979900952 -144.501919156 196.961140426 0.127323343209
Ti II 3387.846 1.17052159851e+16 0.0102509523472 216.887475159 520.634973636 0.101605752122
Fe II 3391.321 6.95438061254e+15 0.00414817555011 94.4479285215 124.23409603 0.0598323408656
Cr II 3392.985 9.50262216377e+15 0.0130825086439 136.807441895 326.772692933 0.0808789376411
Cr II 3393.838 1.11610107925e+16 0.0015984481149 -109.681516389 253.967766123 0.0961057436906
Cr II 3394.293 1.38548537685e+16 0.00251758924281 -197.046981337 227.773181465 0.120058631827
Ti II 3394.556 1.52444366758e+16 0.00227755404903 -255.56083503 213.331137724 0.132109544277
Ti I 3394.558 1.52444301688e+16 0.00227755146914 -255.737365175 213.154387799 0.132109487887
Ti II 3394.58 1.52443632075e+16 0.0022774732536 -257.683047007 211.209769021 0.132108907595
Cr II 3403.307 1.59465177882e+16 0.0248586397592 -37.3161480927 178.563594652 0.137118152806
Ni II 3407.3 1.53645184674e+16 0.0160138073993 37.7549981082 354.126340421 0.156670622997
Cr II 3408.757 2.13336250337e+16 0.00382598674914 -149.880556507 210.778952853 0.176962273863
Ni I 3414.76 1.37015823245e+17 0.0417760753432 -997.045072942 13303.7386988 1.43740183603
Fe II 3416.021 1.38717409945e+16 0.00301778483897 -181.896606939 255.918092424 0.119298231979
Cr II 3421.202 2.00223445658e+16 0.0220797443625 93.1305762505 385.304943315 0.170066765769
Cr II 3422.732 2.39259328247e+16 0.00479943426477 -118.969859822 300.057443628 0.205802772166
Cr II 3433.295 1.6591443285e+16 0.0300935614849 -10.4942888945 128.217626792 0.146461203671
Fe II 3436.107 2.22932493572e+16 0.00191686855529 -266.073704794 -11.3678467536 0.197289871687
Fe I 3440.606 1.0362804023e+16 0.0151860959178 -8.74471911621 1073.5358812 0.0914966779512
Mn II 3441.988 1.82120628234e+16 0.0111394408859 -118.443780549 664.636702683 0.157481016373
Ti II 3444.314 1.95693141597e+16 0.00439490243876 -339.771535874 461.407591915 0.169217266242
Ni I 3446.255 4.17115496915e+15 0.00165978264727 -108.89236395 -9.52681890174 0.0362703781122
Ni II 3454.164 9.91380805262e+15 0.0167164687124 -284.494444264 737.444321205 0.110793407437
Ni II 3465.642 8.33727300887e+15 0.00974139320366 -19.5675973359 183.063599878 0.0713980389558
Fe II 3468.66 1.08683728156e+16 0.0249081097402 -351.681028119 2054.89879056 0.0916433383479
Ni II 3471.386 6.92712301916e+15 0.0166483036039 -216.277202589 231.592335186 0.0585271018944
Fe I 3475.45 5.55672939107e+15 0.00286292529849 -2.94090395877 265.920959912 0.0469783938405
Fe II 3488.271 7.17630095024e+15 0.00646288586 293.489579852 388.625925734 0.141816810526
Fe I 3490.574 5.65310172716e+15 0.0100537225016 -2675.23085354 84.2691555303 0.10909176912
Fe II 3493.47 2.76195834157e+16 0.0122170897062 -22.5928407708 321.998033351 0.219019793615
Fe II 3495.618 3.09773443667e+16 0.00345712335054 -224.334843622 165.967893381 0.244850629832
Ti II 3510.845 8.24539266631e+15 0.0265221996663 -15.0717590653 199.645476283 0.140335871368
Ti I 3510.846 7.06811049769e+15 0.0194163569359 2.42680072193 198.642610648 0.120298630491
Ni II 3513.987 4.48627717652e+16 0.00493805413307 -240.237211296 223.563299309 0.342865060185
Ni I 3524.535 8.25498343081e+15 0.00237918654707 -16.8371115577 386.48874889 0.0606469125455
Ni II 3526.425 1.04989894686e+16 0.00632816629356 -174.99988246 242.608833147 0.0756696558046
Ti II 3535.41 3.19549828579e+15 0.00821392207439 -564.629777814 108.403706 0.0223557376616
Fe II 3557.536 4.15135511542e+15 0.00622342734785 -43.3338720658 4567.00477772 0.0274116942796
Fe I 3558.515 3.38256682897e+15 0.000185742656564 -4.85904371809 132.718598686 0.0272527185159
Fe I 3565.379 1.64201658687e+16 0.00144791259441 -30.609758134 270.941612434 0.107068724494
Fe II 3566.152 1.490855183e+16 0.00184747902313 -85.8943992334 196.26036806 0.0968883832413
Fe I 3570.097 1.74911795222e+15 0.0147563102719 -23.2438307211 80.0782131627 0.0137067605689
Ni II 3576.764 3.42345416218e+16 0.000134130246355 -118.896574363 231.074146217 0.220078403616
Fe I 3581.195 1.88142039178e+16 0.0012314039978 -177.298168843 69.7570488554 0.118044460904
Cr II 3585.287 1.23928823295e+16 0.0141195646171 83.5526397728 251.212830964 0.0954751661711
Fe I 3585.319 1.52044673352e+16 0.00224035100808 15.9381864395 250.27465039 0.11720012322
Fe II 3589.483 7.24834341577e+15 0.00166587509415 -59.6136079388 24.6718143853 0.0476214034669
Fe II 3603.792 1.04725625702e+16 0.0102136101426 -56.4251684186 505.578114942 0.0692089286285
Ti I 3606.698 1.82214831767e+16 0.0115276297817 -318.027561008 1479.32117898 0.11886145048
Fe I 3608.859 1.50606766375e+16 0.00642696686015 -540.70334027 203.178397886 0.0981884605548
Fe I 3618.768 9.98443260004e+15 0.0241597205503 -27.5476457955 2043.86739542 0.0647724403291
Fe II 3621.27 1.47691951736e+16 0.004579258129 -225.412524152 219.963984011 0.0964751896895
Fe II 3624.893 8.99813323295e+15 0.000579887110985 -91.4508680178 20.5074063972 0.0737487480794
Cr II 3631.461 1.95713251562e+16 0.00152535362094 -31.842282929 242.407017294 0.129027313322
Fe I 3631.463 1.56553333363e+16 0.0245722301496 -32.0074394303 140.670885457 0.103210466508
Fe I 3647.842 9.05966444711e+15 0.0103525727763 -5.70335439524 172.002115134 0.0592452441348
Cr II 3677.667 1.9252845487e+16 0.00547608955702 -77.8555901492 432.937041144 0.118973512681
Cr II 3677.846 1.87117199469e+16 0.00379897014014 -91.3601644963 420.254183535 0.115610776681
Ti II 3685.204 1.84813861419e+16 0.00311412899853 -24.783576439 328.907723282 0.108799360662
Fe I 3687.456 2.02766028505e+16 0.00201578435572 -217.986472275 169.304080241 0.117537186072
Fe I 3709.246 4.8380987141e+15 0.0040507995224 -321.282953568 125.018834665 0.0252831980925
Cr II 3712.93 2.10548186471e+15 0.00911056728231 -16.2029603372 163.703480331 0.0110352018981
Fe I 3719.935 1.81974683119e+16 0.00445048960648 -10.1136022253 395.685188054 0.0948890811047
Ti II 3721.639 1.92139827657e+16 0.000158053045576 -154.828083285 278.991904726 0.100725705072
Fe II 3727.037 3.27972044418e+15 0.00255681359975 -48.5385991278 1641.0919624 0.0171618764086
Fe I 3727.619 8.92579721752e+15 0.000146269531243 -10.3481235014 172.105134605 0.0467384583694
Fe I 3734.864 2.36872922592e+16 0.0106622480656 -192.01856289 474.521999021 0.120339276948
Ti II 3741.635 1.51973060015e+16 0.000263956610386 -197.015269075 187.475515126 0.077520128493
Fe I 3745.561 1.45886915571e+17 0.0382334070245 -7998.57535498 2226.51741481 0.740770408205
Fe II 3748.483 3.26942693341e+16 0.000949655181054 -325.192728568 300.293719658 0.165600949093
Fe I 3749.485 3.94991705821e+16 0.00939830767488 -484.699295949 244.463395028 0.200147585685
Fe I 3758.233 2.60388066455e+16 0.0166873822065 -8.92781443432 1227.12281706 0.134005868209
Ti II 3759.296 3.99878350604e+16 0.00936438912515 -124.915913437 508.281204567 0.205019493155
Ti II 3761.323 3.44072911795e+16 0.000456868310361 -238.919019695 241.960780307 0.175655255878
Fe I 3763.789 1.10330747549e+16 0.0158094747274 -171.716287134 489.066782641 0.0674932510211
Fe I 3767.192 1.72241739956e+16 0.0133355368591 -486.280860006 202.168471864 0.0880664689571
Ni II 3769.459 4.08786741015e+16 0.00347266834467 -575.931732913 221.058384238 0.209765354029
Fe II 3783.347 8.76756041344e+15 0.000245025623717 -13.0428887964 220.509908883 0.047477302691
Fe I 3787.88 7.34749863973e+14 0.00718414385022 -12.2703168488 117.172359378 0.00776034474622
Fe I 3795.002 3.24624406342e+15 0.00108465523086 11.0051041491 188.435542052 0.0174780939818
Fe I 3815.84 1.45018800387e+16 0.00221655380411 -168.846905009 198.43208378 0.0721448339932
Fe I 3820.425 1.33665744307e+16 0.00898045390258 -27.9515464432 192.195188774 0.0654372204613
Fe I 3825.88 1.20278461475e+16 0.000505396862703 -33.3108101874 447.489447363 0.0588254377203
Mg I 3838.292 2.06934162401e+16 0.000181611352106 45.0010228236 264.909795899 0.10058311232
Ni II 3849.554 1.48149992418e+16 0.00319946987489 -20.6129256943 236.873145687 0.0723959579936
Fe I 3859.911 1.16215147892e+16 0.00112105170777 19.4924828695 235.573623749 0.0582772876644
Fe I 3872.501 6.5512118587e+15 0.000382498989978 -21.6275322886 232.637398367 0.0315700475798
Fe I 3878.018 1.29025678125e+16 0.00740585759009 69.487042596 144.490240318 0.115337784566
Fe I 3886.282 3.2631513566e+16 0.00575869530522 -115.402503795 393.896543045 0.137933481939
Ti II 3900.551 7.06176615062e+15 0.00121361494119 -42.1348238166 399.819978231 0.030357792776
Ti II 3913.468 1.37968369596e+16 0.00188173137692 -11.7108940643 310.157104853 0.0589420668971
Ca II 3933.663 9.15521665358e+16 8.22221564493e-05 -159.00496005 223.470851833 0.361874441632
Fe II 3938.97 6.27631811375e+16 0.00667855073404 -175.483614038 3503.48192159 0.255649597023
Al I 3944.006 4.1773611478e+15 0.00376127876513 -223.579106706 -43.2164450148 0.0206616388063
Ca II 3968.469 1.06584102352e+17 0.00325123807786 -117.198993332 244.897387299 0.397978846884
Fe I 4045.813 2.19335317867e+16 0.00313767822116 -20.2297694509 231.149289801 0.0852120605019
Fe I 4063.594 2.07768404332e+16 0.0153776971344 -45.1328007809 1230.26217875 0.0859108739022
Ni II 4067.031 1.13136486839e+16 0.000657082225983 -267.782376342 209.358927381 0.047498502572
Fe I 4071.737 1.1424843409e+16 0.00169558917227 47.1119315064 90.7793640281 0.0473405038366
Fe I 4143.869 1.20820868119e+16 0.000789464414306 -59.7534754479 231.025723071 0.0412537524665
Fe II 4173.461 3.0800815422e+16 0.00375257063875 -46.4936841464 227.656684551 0.107588371477
Fe II 4178.862 2.66907592101e+16 0.000572436752863 -24.5519407681 202.295120251 0.0920449647854
Fe I 4202.028 7.3540237251e+15 0.000978065385969 10.5434527171 214.532078701 0.0261806215998
Ca I 4226.728 9.03099543359e+15 0.000967471764656 -3.38067706489 159.643627952 0.032319299239
Fe II 4233.172 7.44167269004e+16 0.00135924360877 -67.8971637062 225.843085519 0.263918829216
Fe II 4258.154 3.04867626095e+15 0.00193068753927 -77.1054952307 588.144515118 0.0107700006195
Fe I 4271.759 2.51529096395e+16 0.00015784595078 -32.4295588553 427.909718043 0.0881926174208
Fe II 4273.326 2.41985794726e+16 0.000161171762147 -134.790276419 298.732977386 0.0839772455355
Ti II 4290.219 4.00515309445e+15 0.0 82.6906111788 95.3242715064 0.0190388972084
Ti II 4294.099 8.16049553986e+15 0.00256475232374 -16.4724611806 1014.56960915 0.0313356311154
Fe II 4296.572 6.32624729163e+15 0.0063870695356 -54.983062487 1008.32149661 0.0435453763308
Ti II 4300.049 1.38598933416e+16 0.00829568514863 -4168.31233459 187.060534955 0.0611450009936
Fe II 4303.176 3.0662609313e+16 0.00441208214027 -160.551543304 214.504154324 0.108841792386
Fe I 4307.902 1.57218861112e+16 0.00151232138713 -77.542141793 12663.5989914 0.0548275753309
Ti II 4312.864 6.3822600769e+15 0.00384154588517 -48.1261003436 162.469826915 0.0221759339577
Ti II 4314.975 4.44261310319e+15 0.0037517096481 -16.4994720506 73.1494510443 0.0275969167828
Fe I 4325.762 2.43124867597e+16 0.000753884354251 -50.5458983895 235.113470571 0.0798092620675
Ti II 4337.915 8.90325755158e+15 0.000788289433888 -25.3314679967 281.037761542 0.0281933787754
Fe II 4351.769 6.7445074145e+16 0.00416334115642 -68.8512949643 223.067199859 0.203329820851
Fe II 4357.584 4.013340543e+16 0.0167984134302 -215.58219096 3329.19926933 0.148461028206
Fe I 4383.544 5.38245386562e+16 0.000700943781641 -43.8608878809 393.364873939 0.148726073664
Fe II 4385.387 6.0407257882e+16 0.000185897206258 -177.421362887 279.59263491 0.164056928105
Ti II 4395.033 2.3192489964e+16 0.000300186850546 -67.875928414 231.206641725 0.064070318709
Fe I 4404.75 2.07425750019e+16 0.000845421825263 -9.22018079194 227.91326528 0.058736900489
Fe I 4415.122 3.31266838104e+16 0.000489169489871 -24.5939692473 352.434307385 0.119136691025
Fe II 4416.83 4.44883901931e+16 0.000499260088625 -130.365672493 237.83181725 0.127530372921
Ti II 4443.794 1.49161474225e+16 0.000465176075481 -48.0904560176 239.802817757 0.0426116414861
Fe II 4489.183 2.93816378585e+16 0.0022683904737 -35.8728610399 383.530508864 0.082922407837
Fe II 4491.405 2.95789140454e+16 0.00237227895094 -187.619212544 237.163042892 0.0838681584462
Ti II 4501.273 1.17777527784e+16 0.000194024860701 -23.1026109951 226.839747967 0.0345055670014
Fe II 4508.288 5.04425602417e+16 0.0014033004174 -42.4858096862 224.964440077 0.14741188834
Fe II 4515.339 3.70449989253e+15 0.0 14.8819494323 -85.948904637 0.0212751091151
Fe II 4520.224 4.64162366339e+16 0.00644480093013 94.4209882416 369.402429782 0.130283225904
Fe II 4522.634 5.36669473978e+16 0.0029606804162 -128.723654205 213.526339684 0.150959056545
Ti II 4533.969 1.74737047867e+16 0.00096233051663 7.12954167949 239.699389035 0.0513663917422
Fe II 4541.524 6.6733707985e+15 0.00342030847694 47.5293484661 179.036876367 0.0230769453764
Fe II 4549.474 7.22700690972e+16 0.000189054531245 -61.2016071376 225.927722546 0.236395512839
Fe II 4555.893 3.59528874596e+16 0.0 -253.299533802 -480.935484918 0.11197966672
Cr II 4558.65 4.45706009334e+16 0.00172893214744 -215.29394511 42.7066023024 0.176393061364
Ti II 4563.761 2.02173131054e+16 0.0232292039661 -353.224199402 11626.7908649 0.114013613495
Ti II 4571.968 6.41987147584e+15 0.000477775057535 42.0031194475 184.747208967 0.0194262657652
Fe II 4576.34 1.04514169145e+16 0.00275747598622 17.9191017096 206.819437659 0.0309753995363
Fe II 4583.837 9.21255371241e+16 0.00428220613648 -69.0553466713 220.525697041 0.259900197635
Fe II 4596.015 4.2536209764e+15 0.000289747737996 99.2036173225 206.011422245 0.0116661288385
Fe II 4620.521 1.3811223081e+16 0.00303253924205 -217.393879371 241.375301341 0.0363563622759
Fe II 4629.339 5.47717461778e+16 0.00198784581105 -61.0586640729 223.306655149 0.14098440171
Fe II 4635.316 3.24727941336e+16 0.019160644771 -201.834931736 3107.28859663 0.0813252555454
Fe II 4656.981 9.02436768855e+15 0.00581333099422 -29.1889050017 153.100515492 0.0228443977403
Fe II 4666.758 8.30607934824e+15 0.00256529358455 -25.0207460086 219.408536924 0.0256468035269
Fe II 4731.453 1.30966527163e+16 0.00203365256498 -27.0116888111 227.831872745 0.0408967370758
Cr II 4824.127 1.5089479409e+16 0.00159492109994 -73.653901105 353.37644176 0.046785653583
Cr II 4848.235 9.58187061668e+15 0.0045202252908 -54.3080495837 210.138991707 0.0263712147871
Fe II 4923.927 1.88028054102e+17 0.00240858480418 -178.153917293 230.983549992 0.360350157312
Fe II 4666.758 8.30607934824e+15 0.00256529358455 -25.0207460086 219.408536924 0.0256468035269
Fe II 4731.453 1.30966527163e+16 0.00203365256498 -27.0116888111 227.831872745 0.0408967370758
Cr II 4824.127 1.5089479409e+16 0.00159492109994 -73.653901105 353.37644176 0.046785653583
Cr II 4848.235 9.58187061668e+15 0.0045202252908 -54.3080495837 210.138991707 0.0263712147871
Fe II 4923.927 1.88028054102e+17 0.00240858480418 -178.153917293 230.983549992 0.360350157312
Fe II 4666.758 8.30607934824e+15 0.00256529358455 -25.0207460086 219.408536924 0.0256468035269
Fe II 4731.453 1.30966527163e+16 0.00203365256498 -27.0116888111 227.831872745 0.0408967370758
Cr II 4824.127 1.5089479409e+16 0.00159492109994 -73.653901105 353.37644176 0.046785653583
Cr II 4848.235 9.58187061668e+15 0.0045202252908 -54.3080495837 210.138991707 0.0263712147871
Fe II 4923.927 1.88028054102e+17 0.00240858480418 -178.153917293 230.983549992 0.360350157312
Fe II 4666.758 8.30607934824e+15 0.00256529358455 -25.0207460086 219.408536924 0.0256468035269
Fe II 4731.453 1.30966527163e+16 0.00203365256498 -27.0116888111 227.831872745 0.0408967370758
Cr II 4824.127 1.5089479409e+16 0.00159492109994 -73.653901105 353.37644176 0.046785653583
Cr II 4848.235 9.58187061668e+15 0.0045202252908 -54.3080495837 210.138991707 0.0263712147871
Fe II 4923.927 1.88028054102e+17 0.00240858480418 -178.153917293 230.983549992 0.360350157312
Fe II 5127.866 9.59995620159e+15 0.00233151841505 -96.0011800138 206.808501652 0.0208295620615
Fe II 5166.555 5.85749621422e+16 0.0334278825999 -104.575764023 134.209638931 0.146797905387
Fe II 5169.033 1.57426476792e+17 0.000420897125612 -126.372996652 225.4409197 0.374354701268
Mg I 5172.684 1.59671343369e+17 0.00242777221304 -343.174848248 14.6661432949 0.379692916122
Mg I 5183.604 2.96407243647e+16 0.00297571840032 -3.73816411299 222.102985525 0.0690327563308
Fe II 5194.892 2.55459909073e+16 0.0140075431296 -1465.99746921 174.161342824 0.0704981333782
Fe II 5197.577 6.40326400585e+16 0.00250556641148 -111.072593023 222.931349618 0.14089140124
Fe II 5234.625 8.63792747905e+16 0.00465704027752 -68.8999562773 226.405001292 0.167436072826
Fe II 5276.002 1.0121411119e+17 0.00155667569711 -86.0615060755 225.96344282 0.1860164715
Fe II 5316.615 1.40720280725e+17 0.00247795569995 -95.4003458295 231.986122731 0.255264205944
Fe II 5362.869 5.01973931776e+16 0.000746564487515 -62.364351425 225.419760886 0.0929813143198
Fe II 5425.257 9.48571591692e+15 0.00239443112219 -103.113597766 302.673016102 0.0195451016305
Fe II 5466.908 1.08820400113e+16 0.00067893436668 -95.6537827299 277.919563542 0.0220444357994
Fe II 5534.847 4.37307518708e+15 0.929106796566 -123.171171755 327.691099763 0.0385906084086
Na I 5889.951 4.82072764817e+16 0.00189589207527 -28.1619311815 211.798919449 0.129954343504
Fe II 6147.741 2.5977636001e+16 0.00392162427583 -88.4546754857 310.83893509 0.0596124554415
Fe II 6149.258 2.78060200022e+16 0.0013526435328 -169.127832655 246.300003548 0.063940709806
Fe II 6238.392 1.97436100553e+16 0.0150678697691 -87.2636216988 230.359141773 0.0420931080715
Fe II 6247.557 4.52438280732e+16 0.003276436857 -90.3691194683 220.723657798 0.0924720022356
Fe II 6416.919 1.5606796015e+16 0.00320492283674 -141.775351184 255.104613309 0.0674363049066
Fe II 6456.383 4.21866880039e+16 0.0262541454746 -28.8954548648 121.971886949 0.0844852261076
Fe II 6482.204 2.17088421512e+16 0.000782815824588 -24.7439736798 239.251337114 0.0498682013442
Fe II 6516.08 2.50826403804e+16 0.000255938413147 -92.1327428032 211.142830371 0.0536170177468
Fe II 7462.407 4.62365286865e+16 0.00234024510314 -109.383283261 240.303238862 0.0511785797788
Fe II 7711.723 3.22392123112e+16 0.0107211198582 16.0201341374 165.905186099 0.0330432411879
O I 7775.388 7.75862823831e+16 0.0059644343525 -20.3201207192 220.175713543 0.0990920055078
Ca II 8498.023 1.31014470423e+17 0.0050653546183 -58.9755318364 221.717514331 0.116547886456
Ca II 8542.091 2.22081327097e+17 0.000833654036725 -69.4520268015 213.117587053 0.18842263747
Ca II 8662.141 2.06622917287e+17 0.00191954053876 -51.2914871423 220.196219424 0.191797658827
